%%MatrixMarket matrix coordinate real general
%
42006 42006 79758
3 34652 1.254000000000000e+01
3 34653 8.340000000000000e+00
4 28635 2.970000000000000e+00
4 38464 4.030000000000000e+00
6 15 6.891000000000000e+01
6 23287 1.498000000000000e+01
6 36473 5.981000000000000e+01
10 16900 8.061000000000000e+01
11 12 3.478000000000000e+01
12 35017 2.521000000000000e+01
13 9566 2.199000000000000e+02
13 41120 9.386000000000000e+01
14 16606 2.627000000000000e+01
15 6 6.891000000000000e+01
15 23285 1.514000000000000e+01
16 13 8.023999999999999e+01
16 5743 2.377100000000000e+02
17 16 4.419000000000000e+01
17 981 6.829000000000001e+01
17 4238 5.183000000000000e+01
18 15 7.100000000000000e+01
18 8068 5.470000000000000e+00
18 8069 9.166000000000000e+01
19 11913 5.084000000000000e+01
20 21 4.705000000000000e+01
20 5922 3.452000000000000e+01
21 5925 3.567000000000000e+01
22 24 1.957400000000000e+02
22 1885 4.803000000000000e+01
22 40537 4.884000000000000e+01
23 5732 2.889000000000000e+01
23 9309 5.898000000000000e+01
24 22 1.957400000000000e+02
24 1880 3.275000000000000e+01
24 3425 4.381000000000000e+01
25 19 5.986000000000000e+01
25 5921 3.449000000000000e+01
26 29672 8.037000000000000e+01
27 26 5.791000000000000e+01
27 5730 4.187000000000000e+01
31 5446 9.317000000000000e+01
31 5463 1.477000000000000e+01
31 13939 5.546000000000000e+01
36 23012 5.450000000000000e+01
36 39928 6.152000000000000e+01
40 41 1.717600000000000e+02
40 8949 1.612400000000000e+02
40 24373 6.310000000000000e+01
40 27330 7.877000000000000e+01
41 40 1.717600000000000e+02
41 42 2.021100000000000e+02
41 5201 8.353000000000000e+01
41 27798 7.968000000000001e+01
42 41 2.021100000000000e+02
42 5207 9.654000000000001e+01
42 19184 7.922000000000000e+01
42 29955 7.787000000000000e+01
43 10442 5.520000000000000e+00
43 13687 1.620900000000000e+02
49 24662 1.735900000000000e+02
50 53 3.679000000000000e+01
51 7721 2.311000000000000e+01
51 7722 1.169600000000000e+02
51 8425 4.345000000000000e+01
52 50 3.770000000000000e+01
53 1495 6.050000000000000e+01
54 37974 4.582000000000000e+02
55 58 1.717800000000000e+02
56 57 9.140000000000001e+00
56 28757 6.981999999999999e+01
57 56 9.140000000000001e+00
57 58 2.718700000000000e+02
58 55 1.717800000000000e+02
58 57 2.718700000000000e+02
58 59 3.080800000000000e+02
59 58 3.080800000000000e+02
59 5119 1.004000000000000e+01
61 13281 4.743000000000000e+01
61 13282 3.726000000000000e+01
61 21043 4.754500000000000e+02
62 63 8.602000000000000e+01
63 62 8.602000000000000e+01
63 367 9.498000000000000e+01
63 20992 1.873500000000000e+02
64 19570 9.752000000000000e+01
64 28376 1.676500000000000e+02
65 12104 5.342000000000000e+01
66 4630 1.423000000000000e+01
67 68 9.930000000000000e+00
67 29087 9.725000000000000e+01
68 67 9.930000000000000e+00
68 15073 1.032400000000000e+02
69 72 1.492000000000000e+01
69 30333 4.610000000000000e+00
70 71 4.282000000000000e+01
71 70 4.282000000000000e+01
71 25697 1.615700000000000e+02
71 33510 4.514000000000000e+01
71 33511 5.994000000000000e+01
72 69 1.492000000000000e+01
72 15646 5.320000000000000e+00
73 11753 2.917000000000000e+01
73 14229 2.862000000000000e+01
74 13145 7.195999999999999e+01
74 14215 5.998000000000000e+01
74 34651 2.052000000000000e+01
75 13144 1.113000000000000e+01
75 14219 7.742000000000000e+01
77 2337 1.220800000000000e+02
77 5022 1.117000000000000e+01
78 13140 2.265000000000000e+01
78 25811 5.310000000000000e+01
79 31691 1.080000000000000e+01
79 35535 1.510000000000000e+01
80 81 2.067400000000000e+02
80 33642 7.681000000000000e+01
80 35524 8.109999999999999e+01
81 80 2.067400000000000e+02
81 39807 7.556999999999999e+01
81 39814 7.637000000000000e+01
83 91 2.696000000000000e+01
83 25787 1.368700000000000e+02
84 39973 1.927800000000000e+02
85 35083 3.112000000000000e+01
87 25798 3.027000000000000e+01
87 26708 8.100000000000000e+00
91 14211 3.454000000000000e+01
91 14212 3.345000000000000e+01
92 97 2.185200000000000e+02
93 20431 1.197000000000000e+01
93 35639 3.568000000000000e+01
94 95 1.787000000000000e+01
94 7726 2.231000000000000e+01
94 21535 1.166300000000000e+02
95 93 1.048000000000000e+01
96 14753 5.668000000000000e+01
96 14755 6.712000000000000e+01
97 39006 1.758000000000000e+02
98 1884 1.329000000000000e+01
98 11200 2.099000000000000e+01
99 100 1.002000000000000e+01
99 3332 1.177400000000000e+02
99 28378 7.900000000000000e+00
100 99 1.002000000000000e+01
100 35374 7.950000000000000e+00
100 40073 2.174000000000000e+01
102 104 9.920000000000000e+00
102 28897 2.583000000000000e+01
103 27068 2.271500000000000e+02
104 37697 3.710000000000000e+01
106 32281 1.225900000000000e+02
106 38934 1.321000000000000e+01
107 110 1.852000000000000e+01
107 7833 1.647000000000000e+01
108 37830 4.059000000000000e+01
109 111 4.728000000000000e+01
109 29649 4.003200000000000e+02
110 820 3.687000000000000e+01
111 109 4.728000000000000e+01
111 112 7.578000000000000e+01
111 27787 1.014200000000000e+02
112 111 7.578000000000000e+01
112 113 7.914000000000000e+01
112 7753 1.269300000000000e+02
112 39085 1.620600000000000e+02
113 112 7.914000000000000e+01
113 39093 1.461900000000000e+02
114 29658 1.956000000000000e+01
115 8248 4.714000000000000e+01
115 39018 5.400000000000000e+01
116 117 8.088000000000000e+01
116 13462 1.383400000000000e+02
116 39018 7.959999999999999e+01
117 116 8.088000000000000e+01
117 118 3.146000000000000e+01
117 29651 1.388000000000000e+02
118 117 3.146000000000000e+01
118 119 4.323000000000000e+01
118 7794 4.056000000000000e+01
119 118 4.323000000000000e+01
119 120 7.208000000000000e+01
119 1723 1.292600000000000e+02
119 33362 1.405900000000000e+02
120 119 7.208000000000000e+01
120 121 7.900000000000000e+01
120 20734 1.392600000000000e+02
120 33523 1.604200000000000e+02
121 120 7.900000000000000e+01
121 122 8.029000000000001e+01
121 20532 1.609400000000000e+02
121 20537 1.398100000000000e+02
122 121 8.029000000000001e+01
122 123 7.876000000000001e+01
122 21620 8.119000000000000e+01
122 21621 1.415200000000000e+02
123 122 7.876000000000001e+01
123 124 1.104000000000000e+02
123 14627 2.030500000000000e+02
124 123 1.104000000000000e+02
124 125 7.897000000000000e+01
124 21620 1.575600000000000e+02
125 124 7.897000000000000e+01
125 126 7.272000000000000e+01
125 21619 1.949400000000000e+02
126 125 7.272000000000000e+01
126 127 1.183400000000000e+02
126 28070 2.548100000000000e+02
127 126 1.183400000000000e+02
127 3534 1.887600000000000e+02
127 3757 3.754000000000000e+01
128 669 6.026000000000000e+01
128 670 7.859000000000000e+01
128 39460 3.576000000000000e+01
129 3771 2.585000000000000e+01
129 21262 2.439000000000000e+01
130 13582 6.630000000000000e+01
130 41772 5.642000000000000e+01
131 1849 7.273999999999999e+01
131 24199 7.013000000000000e+01
132 15919 4.369000000000000e+01
134 37768 8.039000000000000e+01
134 41772 5.015000000000000e+01
135 136 5.897000000000000e+01
135 137 1.992000000000000e+01
136 135 5.897000000000000e+01
137 135 1.992000000000000e+01
138 25665 2.993000000000000e+01
138 25666 2.557000000000000e+01
139 141 7.413000000000000e+01
140 138 7.681000000000000e+01
141 139 7.413000000000000e+01
141 37067 1.051000000000000e+01
141 37068 2.469000000000000e+01
142 36209 4.508000000000000e+01
143 37068 6.734999999999999e+01
144 145 6.036000000000000e+01
144 16815 1.153400000000000e+02
144 37068 2.678000000000000e+01
145 144 6.036000000000000e+01
146 9496 4.155000000000000e+01
147 41545 4.852000000000000e+01
149 32197 2.109400000000000e+02
150 8326 2.301000000000000e+01
151 8326 1.163000000000000e+02
153 27032 4.157000000000000e+01
155 6138 6.032000000000000e+01
155 37144 4.670000000000000e+01
156 19675 1.120600000000000e+02
157 206 2.417000000000000e+01
158 15292 5.581000000000000e+01
158 24251 4.070000000000000e+01
159 160 1.162000000000000e+01
159 161 5.897000000000000e+01
159 167 7.193000000000001e+01
160 159 1.162000000000000e+01
160 171 1.438000000000000e+01
160 11212 2.970000000000000e+01
160 20733 7.128000000000000e+01
161 159 5.897000000000000e+01
161 162 5.882000000000000e+01
161 167 1.399000000000000e+01
161 171 8.327000000000000e+01
162 161 5.882000000000000e+01
162 163 1.483000000000000e+01
162 165 1.436000000000000e+01
163 162 1.483000000000000e+01
164 165 1.719000000000000e+01
164 168 6.072000000000000e+01
164 32119 5.110000000000000e+01
165 162 1.436000000000000e+01
165 164 1.719000000000000e+01
165 167 5.916000000000000e+01
167 159 7.193000000000001e+01
167 161 1.399000000000000e+01
167 165 5.916000000000000e+01
167 168 1.595000000000000e+01
168 164 6.072000000000000e+01
168 167 1.595000000000000e+01
168 11212 7.004000000000001e+01
171 160 1.438000000000000e+01
171 161 8.327000000000000e+01
171 20738 1.351000000000000e+01
172 6778 1.650000000000000e+02
173 176 5.473000000000000e+01
174 175 1.994000000000000e+01
174 176 1.986000000000000e+01
174 35501 5.251000000000000e+01
175 174 1.994000000000000e+01
175 183 3.365000000000000e+01
175 35505 9.064000000000000e+01
176 173 5.473000000000000e+01
176 174 1.986000000000000e+01
176 35508 3.700000000000000e+01
177 178 5.986000000000000e+01
177 180 7.670000000000000e+01
178 177 5.986000000000000e+01
178 4954 5.393000000000000e+01
178 11356 7.402000000000000e+01
179 180 4.731000000000000e+01
179 24002 1.427000000000000e+01
180 177 7.670000000000000e+01
180 179 4.731000000000000e+01
180 11356 6.556000000000000e+01
181 5044 1.148900000000000e+02
182 32427 4.455000000000000e+01
182 37260 2.876000000000000e+01
182 38215 1.154900000000000e+02
183 175 3.365000000000000e+01
185 187 7.577000000000000e+01
185 6091 1.645400000000000e+02
185 16814 7.544000000000000e+01
187 185 7.577000000000000e+01
187 188 7.648000000000000e+01
187 6090 1.955200000000000e+02
188 187 7.648000000000000e+01
188 192 7.628000000000000e+01
188 6089 2.300100000000000e+02
189 247 1.626000000000000e+01
189 12807 3.449000000000000e+01
191 26447 2.127200000000000e+02
192 188 7.628000000000000e+01
192 193 1.429100000000000e+02
192 6092 2.712300000000000e+02
192 10438 7.708000000000000e+01
193 192 1.429100000000000e+02
193 198 1.484300000000000e+02
193 38794 2.509600000000000e+02
194 17456 6.004000000000000e+01
195 5456 5.175000000000000e+01
195 16459 2.222600000000000e+02
195 20163 3.097000000000000e+01
197 4991 1.274000000000000e+01
197 28661 1.135000000000000e+01
198 193 1.484300000000000e+02
198 203 1.244600000000000e+02
198 10438 3.988400000000000e+02
199 3801 1.340000000000000e+01
199 32154 3.328000000000000e+01
200 204 1.136000000000000e+01
200 18590 1.613100000000000e+02
201 4125 4.886000000000000e+01
202 32160 3.296000000000000e+01
203 198 1.244600000000000e+02
203 207 1.203700000000000e+02
203 619 5.900700000000001e+02
204 224 1.135000000000000e+01
205 15619 1.365000000000000e+01
205 17434 1.091000000000000e+01
205 33314 1.639000000000000e+01
206 201 4.623600000000000e+02
206 215 1.396000000000000e+01
207 203 1.203700000000000e+02
207 619 6.035100000000000e+02
207 14671 1.269700000000000e+02
207 40931 2.561000000000000e+02
212 227 2.969400000000000e+02
212 2566 5.955000000000000e+01
213 31613 2.762000000000000e+01
214 200 4.508000000000000e+01
215 30741 1.305500000000000e+02
217 225 1.256800000000000e+02
217 19675 1.628000000000000e+01
223 200 1.008000000000000e+01
223 226 6.750000000000000e+01
224 156 5.608000000000000e+01
224 223 1.148000000000000e+01
225 223 4.241000000000000e+01
226 214 2.355000000000000e+01
226 37144 1.373200000000000e+02
227 212 2.969400000000000e+02
227 12710 1.501400000000000e+02
228 230 1.994900000000000e+02
228 3313 2.514000000000000e+01
228 3315 7.381999999999999e+01
229 231 2.145000000000000e+01
229 28635 6.681000000000000e+01
230 228 1.994900000000000e+02
230 232 2.437100000000000e+02
230 11639 7.409000000000000e+01
230 41349 7.631999999999999e+01
231 229 2.145000000000000e+01
232 230 2.437100000000000e+02
232 233 2.264500000000000e+02
232 11640 7.606000000000000e+01
232 41350 7.709000000000000e+01
233 232 2.264500000000000e+02
233 234 2.157000000000000e+02
233 11642 7.473000000000000e+01
233 41351 7.609999999999999e+01
234 233 2.157000000000000e+02
234 41353 7.740000000000001e+01
235 10717 9.140000000000001e+00
235 12572 6.803000000000000e+01
236 237 1.534600000000000e+02
236 247 2.042000000000000e+01
237 236 1.534600000000000e+02
237 17342 1.919000000000000e+01
238 6314 1.452000000000000e+01
239 24068 8.593000000000001e+01
239 26775 3.255600000000000e+02
239 27944 9.330000000000000e+01
240 6337 6.695999999999999e+01
241 282 2.063600000000000e+02
241 24974 9.940000000000000e+00
241 34163 8.244000000000000e+01
242 243 7.534999999999999e+01
242 9229 2.424100000000000e+02
242 9230 8.241000000000000e+01
242 41811 1.285700000000000e+02
243 242 7.534999999999999e+01
243 244 3.449400000000000e+02
243 21407 1.528500000000000e+02
244 243 3.449400000000000e+02
244 9230 3.487300000000000e+02
245 246 1.082500000000000e+02
245 19428 6.150000000000000e+01
245 19440 1.286400000000000e+02
246 245 1.082500000000000e+02
246 248 4.928000000000000e+01
247 189 1.626000000000000e+01
247 236 2.042000000000000e+01
247 278 6.727000000000000e+01
247 35905 5.329000000000000e+01
248 246 4.928000000000000e+01
249 250 4.751000000000000e+01
249 275 6.456000000000000e+01
249 40145 3.698000000000000e+02
250 249 4.751000000000000e+01
250 251 2.673100000000000e+02
250 11219 9.912000000000000e+01
250 40152 3.151300000000000e+02
251 250 2.673100000000000e+02
251 252 7.976000000000001e+01
251 17524 7.244000000000000e+01
251 40159 2.905600000000000e+02
252 251 7.976000000000001e+01
252 253 7.263000000000000e+01
252 22648 2.530000000000000e+02
252 40160 2.916600000000000e+02
253 252 7.263000000000000e+01
253 254 7.278000000000000e+01
253 22650 2.421200000000000e+02
253 40163 2.919100000000000e+02
254 253 7.278000000000000e+01
254 256 3.815000000000000e+01
254 18509 2.288300000000000e+02
255 5685 8.370000000000000e+01
255 15456 5.860000000000000e+01
256 254 3.815000000000000e+01
256 18509 2.645400000000000e+02
258 259 2.145900000000000e+02
258 16505 1.069000000000000e+01
258 16511 4.638000000000000e+01
258 16513 1.351000000000000e+01
259 258 2.145900000000000e+02
259 260 2.008300000000000e+02
259 38889 3.614000000000000e+01
259 38891 6.063000000000000e+01
260 259 2.008300000000000e+02
260 6072 1.007500000000000e+02
260 30814 6.693000000000001e+01
261 1140 1.340000000000000e+00
261 15565 1.029400000000000e+02
262 263 4.418000000000000e+01
262 19577 9.029000000000001e+01
263 262 4.418000000000000e+01
263 1652 1.224600000000000e+02
263 5988 9.081000000000000e+01
263 37037 3.879000000000000e+01
264 20453 8.891000000000000e+01
264 30133 8.133000000000000e+01
264 30241 8.081999999999999e+01
265 1837 3.975000000000000e+01
266 273 4.328000000000000e+01
266 16621 1.099700000000000e+02
266 22452 3.446000000000000e+01
267 271 2.137000000000000e+01
268 272 3.639800000000000e+02
268 17456 1.030900000000000e+02
268 38677 6.811000000000000e+01
269 270 5.144000000000000e+01
269 271 2.030000000000000e+01
269 276 2.449000000000000e+01
270 269 5.144000000000000e+01
271 267 2.137000000000000e+01
271 269 2.030000000000000e+01
271 273 9.364000000000000e+01
272 268 3.639800000000000e+02
272 275 9.192000000000000e+01
272 17456 7.281000000000000e+01
272 20010 2.238200000000000e+02
273 266 4.328000000000000e+01
273 271 9.364000000000000e+01
273 274 4.362000000000000e+01
273 276 8.420000000000000e+00
274 273 4.362000000000000e+01
275 249 6.456000000000000e+01
275 272 9.192000000000000e+01
275 11163 7.379000000000001e+01
275 38678 1.962100000000000e+02
276 269 2.449000000000000e+01
276 273 8.420000000000000e+00
276 277 6.709999999999999e+01
277 276 6.709999999999999e+01
278 247 6.727000000000000e+01
278 17342 4.913000000000000e+01
278 35905 4.600000000000000e+01
279 296 1.218900000000000e+02
280 12574 5.568000000000000e+01
280 16697 9.199999999999999e+00
281 282 1.499000000000000e+01
281 1171 4.229000000000000e+01
282 241 2.063600000000000e+02
282 281 1.499000000000000e+01
283 24974 8.837000000000000e+01
283 40461 6.606999999999999e+01
284 17342 5.566000000000000e+01
285 12260 4.197000000000000e+01
285 12449 3.349000000000000e+01
286 12447 5.108000000000000e+01
286 12451 3.351000000000000e+01
287 5974 9.049900000000000e+02
288 7650 3.670000000000000e+01
289 32248 8.020000000000000e+00
289 33940 1.534000000000000e+01
290 291 2.947000000000000e+01
290 4177 2.546000000000000e+01
290 13827 1.748000000000000e+01
291 290 2.947000000000000e+01
291 292 1.632500000000000e+02
291 294 2.014000000000000e+01
292 291 1.632500000000000e+02
292 294 1.305300000000000e+02
294 291 2.014000000000000e+01
294 292 1.305300000000000e+02
296 24854 2.117600000000000e+02
297 26001 2.382600000000000e+02
297 36498 6.315000000000000e+01
297 41866 3.386000000000000e+01
299 374 9.140000000000001e+01
300 12110 8.880000000000000e+01
300 28778 6.580000000000000e+00
301 12110 4.964000000000000e+01
301 26989 2.354000000000000e+01
301 26994 6.916000000000000e+01
302 19042 5.840000000000000e+00
303 8704 1.266000000000000e+01
304 391 1.779000000000000e+02
304 39908 1.639000000000000e+01
305 304 6.995999999999999e+01
305 39904 1.628000000000000e+01
306 12383 1.247400000000000e+02
306 32436 6.850000000000000e+00
307 2989 8.795000000000000e+01
308 16179 4.587000000000000e+01
309 310 3.764000000000000e+01
309 22149 1.149000000000000e+01
310 309 3.764000000000000e+01
310 40460 2.101600000000000e+02
310 40465 1.112500000000000e+02
311 312 6.290000000000000e+01
311 4928 2.099900000000000e+02
312 311 6.290000000000000e+01
312 315 1.409900000000000e+02
312 318 1.532500000000000e+02
313 32857 6.158000000000000e+01
314 320 6.399900000000000e+02
314 650 2.626000000000000e+01
314 25259 8.993000000000001e+01
315 312 1.409900000000000e+02
315 10186 7.192000000000000e+01
315 10189 1.328000000000000e+01
316 317 7.337000000000000e+01
316 322 2.418000000000000e+01
316 34600 1.367000000000000e+02
317 316 7.337000000000000e+01
317 26856 3.874000000000000e+01
318 312 1.532500000000000e+02
318 10189 1.500000000000000e+01
318 10192 6.933000000000000e+01
319 31229 3.676000000000000e+01
320 314 6.399900000000000e+02
320 25257 1.483500000000000e+02
321 9630 1.242600000000000e+02
321 11055 6.297000000000000e+01
322 316 2.418000000000000e+01
322 17930 6.909000000000000e+01
322 21755 3.364300000000000e+02
323 35171 2.222000000000000e+01
324 327 1.447500000000000e+02
324 34092 1.694700000000000e+02
324 39047 5.411000000000000e+01
325 19907 7.209000000000000e+01
326 5029 1.514000000000000e+01
327 324 1.447500000000000e+02
327 19252 2.219800000000000e+02
327 41860 7.122000000000000e+01
328 329 8.965000000000001e+01
328 40715 2.365200000000000e+02
328 41860 9.278000000000000e+01
329 328 8.965000000000001e+01
329 35502 2.608000000000000e+01
329 40714 1.913800000000000e+02
330 37091 1.632000000000000e+01
331 334 1.338000000000000e+01
331 350 5.503000000000000e+01
331 37091 3.820000000000000e+00
332 18942 3.808000000000000e+01
333 335 3.707000000000000e+01
333 13458 1.822100000000000e+02
333 13908 3.930000000000000e+01
334 331 1.338000000000000e+01
334 24808 4.568000000000000e+01
335 333 3.707000000000000e+01
335 13909 3.415000000000000e+01
335 27791 1.814800000000000e+02
336 330 2.065000000000000e+01
336 380 1.276000000000000e+02
337 39269 6.767000000000000e+01
338 341 9.000000000000000e+00
338 5787 8.510000000000000e+00
339 340 9.312000000000000e+01
339 12706 9.704000000000001e+01
339 19533 1.198400000000000e+02
339 28937 1.080400000000000e+02
340 339 9.312000000000000e+01
340 23564 9.113000000000000e+01
340 28940 5.820000000000000e+00
341 338 9.000000000000000e+00
341 349 2.301000000000000e+01
341 373 7.127000000000000e+01
342 346 4.795000000000000e+01
342 28939 5.308000000000000e+01
342 38221 2.360300000000000e+02
345 348 1.398000000000000e+01
345 36258 6.452000000000000e+01
346 342 4.795000000000000e+01
346 347 3.458000000000000e+01
346 21375 1.064600000000000e+02
347 346 3.458000000000000e+01
347 354 8.395999999999999e+01
347 26847 8.573000000000000e+01
348 345 1.398000000000000e+01
348 385 7.273999999999999e+01
349 341 2.301000000000000e+01
349 352 8.460000000000001e+00
349 369 3.935000000000000e+01
350 361 1.419000000000000e+01
350 376 4.885000000000000e+01
351 354 8.742000000000000e+01
351 23797 1.189500000000000e+02
351 39924 9.003000000000000e+01
352 349 8.460000000000001e+00
352 368 1.736000000000000e+01
352 379 3.627000000000000e+01
353 355 5.084000000000000e+01
353 39314 8.845000000000000e+01
353 39924 1.143200000000000e+02
354 347 8.395999999999999e+01
354 351 8.742000000000000e+01
354 24450 7.818000000000001e+01
354 24451 1.105900000000000e+02
355 353 5.084000000000000e+01
355 356 1.242300000000000e+02
355 358 3.513700000000000e+02
356 355 1.242300000000000e+02
356 358 1.709100000000000e+02
356 23766 1.153200000000000e+02
357 334 6.335000000000000e+01
357 370 2.271000000000000e+01
358 355 3.513700000000000e+02
358 356 1.709100000000000e+02
358 359 9.725000000000000e+01
358 21665 9.519000000000000e+01
359 358 9.725000000000000e+01
359 360 9.859000000000000e+01
359 30050 9.430000000000000e+01
359 39170 1.414800000000000e+02
360 359 9.859000000000000e+01
360 362 9.314000000000000e+01
360 35966 1.254700000000000e+02
360 35967 8.968000000000001e+01
361 350 1.419000000000000e+01
361 357 2.520000000000000e+00
362 360 9.314000000000000e+01
362 364 8.465000000000001e+01
362 38221 9.747000000000000e+01
363 14754 1.063000000000000e+02
363 23322 1.521000000000000e+01
363 41006 7.819000000000000e+01
364 362 8.465000000000001e+01
364 18847 9.156000000000000e+01
364 38427 8.036000000000000e+01
365 366 2.296000000000000e+01
365 26054 6.534999999999999e+01
365 38427 5.834000000000000e+01
366 365 2.296000000000000e+01
366 367 1.107700000000000e+02
366 27636 1.189600000000000e+02
367 63 9.498000000000000e+01
367 366 1.107700000000000e+02
367 31878 8.306999999999999e+01
367 41663 1.540800000000000e+02
368 352 1.736000000000000e+01
368 371 1.775000000000000e+01
369 349 3.935000000000000e+01
369 379 2.673000000000000e+01
369 4853 2.307800000000000e+02
370 357 2.271000000000000e+01
371 368 1.775000000000000e+01
371 378 1.687000000000000e+01
371 387 3.687000000000000e+01
372 375 4.179000000000000e+02
372 10619 1.345100000000000e+02
372 10622 6.713000000000000e+01
373 341 7.127000000000000e+01
373 377 1.353000000000000e+01
373 383 2.213000000000000e+01
374 38250 1.765000000000000e+01
375 372 4.179000000000000e+02
375 10619 4.220400000000000e+02
375 20423 7.875000000000000e+01
376 361 5.015000000000000e+01
376 393 5.666000000000000e+01
377 373 1.353000000000000e+01
377 390 3.996000000000000e+01
377 35877 4.962000000000000e+01
378 371 1.687000000000000e+01
378 383 1.856000000000000e+01
379 369 2.673000000000000e+01
379 384 1.701000000000000e+01
380 348 6.028000000000000e+01
380 385 1.212000000000000e+01
381 305 3.425000000000000e+01
382 381 1.033200000000000e+02
382 7276 1.561000000000000e+01
382 17733 1.494000000000000e+01
383 373 2.213000000000000e+01
383 378 1.856000000000000e+01
383 389 1.895000000000000e+01
384 368 3.685000000000000e+01
384 379 1.701000000000000e+01
384 387 1.720000000000000e+01
385 393 2.708000000000000e+01
386 307 8.838000000000000e+01
386 2981 3.416000000000000e+01
387 384 1.720000000000000e+01
387 392 1.766000000000000e+01
388 36371 1.479000000000000e+01
388 39899 1.752600000000000e+02
389 383 1.895000000000000e+01
389 394 1.700000000000000e+01
390 389 6.000000000000000e+00
390 401 2.845000000000000e+01
391 396 4.310000000000000e+01
392 378 3.660000000000000e+01
392 387 1.766000000000000e+01
392 394 1.884000000000000e+01
393 336 1.331300000000000e+02
393 403 5.636000000000000e+01
393 13766 1.838000000000000e+01
394 389 1.700000000000000e+01
394 392 1.884000000000000e+01
394 401 2.081000000000000e+01
395 399 1.926000000000000e+01
395 3355 5.680000000000000e+00
396 388 1.037300000000000e+02
396 7300 1.598000000000000e+01
396 17734 1.463000000000000e+01
397 398 2.721000000000000e+01
397 2747 1.300000000000000e+01
398 397 2.721000000000000e+01
399 23654 2.134000000000000e+01
400 7277 8.678000000000000e+01
400 30186 9.463000000000000e+01
400 39911 2.178000000000000e+01
401 394 2.081000000000000e+01
401 13834 1.747000000000000e+01
402 15555 4.672000000000000e+01
403 404 2.585000000000000e+01
403 405 3.498000000000000e+01
404 13766 4.229000000000000e+01
405 403 3.498000000000000e+01
406 407 4.768000000000000e+01
406 35063 4.105500000000000e+02
407 406 4.768000000000000e+01
408 8691 9.931999999999999e+01
411 18442 7.590000000000001e+01
411 22545 6.108000000000000e+01
411 40649 5.643000000000000e+01
412 437 8.905000000000000e+01
412 439 1.089000000000000e+01
412 33818 1.996000000000000e+01
418 15383 8.062000000000000e+01
424 425 4.678000000000000e+01
424 428 1.657000000000000e+01
424 430 1.533000000000000e+01
425 424 4.678000000000000e+01
425 426 1.753000000000000e+01
425 435 1.684000000000000e+01
426 425 1.753000000000000e+01
426 430 4.659000000000000e+01
426 436 1.096000000000000e+01
428 424 1.657000000000000e+01
428 432 1.237000000000000e+01
428 435 4.698000000000000e+01
430 424 1.533000000000000e+01
430 426 4.659000000000000e+01
430 431 1.299000000000000e+01
431 430 1.299000000000000e+01
431 432 3.123000000000000e+01
432 428 1.237000000000000e+01
432 33288 7.628000000000000e+01
433 435 1.034000000000000e+01
433 436 3.494000000000000e+01
433 28691 1.348100000000000e+02
435 425 1.684000000000000e+01
435 428 4.698000000000000e+01
435 433 1.034000000000000e+01
436 426 1.096000000000000e+01
436 433 3.494000000000000e+01
436 3309 1.732200000000000e+02
437 412 8.905000000000000e+01
437 439 7.779000000000001e+01
437 17282 3.148000000000000e+01
438 440 6.838000000000000e+01
438 442 3.311000000000000e+01
438 450 5.576000000000000e+01
439 412 1.089000000000000e+01
439 437 7.779000000000001e+01
439 17282 7.692000000000000e+01
440 438 6.838000000000000e+01
440 441 4.613000000000000e+01
440 443 3.317000000000000e+01
441 440 4.613000000000000e+01
441 442 1.224800000000000e+02
442 438 3.311000000000000e+01
442 441 1.224800000000000e+02
443 440 3.317000000000000e+01
443 447 3.969000000000000e+01
443 450 4.906000000000000e+01
444 10884 7.693000000000001e+01
447 443 3.969000000000000e+01
447 448 1.856000000000000e+01
447 449 5.334000000000000e+01
448 447 1.856000000000000e+01
448 38692 8.284000000000000e+01
448 39534 6.620000000000000e+00
449 447 5.334000000000000e+01
449 450 3.825000000000000e+01
449 451 1.660000000000000e+01
450 438 5.576000000000000e+01
450 443 4.906000000000000e+01
450 449 3.825000000000000e+01
451 449 1.660000000000000e+01
451 39527 9.665000000000001e+01
452 453 8.691000000000000e+01
452 29624 2.029000000000000e+01
452 29689 2.028000000000000e+01
453 452 8.691000000000000e+01
453 12887 1.754000000000000e+01
453 29628 1.990000000000000e+01
453 29687 2.123000000000000e+01
454 455 9.501000000000001e+01
454 457 9.566000000000000e+01
454 458 2.209000000000000e+01
455 454 9.501000000000001e+01
455 467 2.927000000000000e+01
456 457 1.972000000000000e+01
456 459 1.220000000000000e+02
456 460 9.644000000000000e+01
457 454 9.566000000000000e+01
457 456 1.972000000000000e+01
457 459 1.039700000000000e+02
457 461 6.122000000000000e+01
458 454 2.209000000000000e+01
458 459 1.879000000000000e+01
458 466 6.681000000000000e+01
459 456 1.220000000000000e+02
459 457 1.039700000000000e+02
459 458 1.879000000000000e+01
460 456 9.644000000000000e+01
460 461 1.750000000000000e+01
460 465 5.161000000000000e+01
461 457 6.122000000000000e+01
461 460 1.750000000000000e+01
461 462 5.781000000000000e+01
462 461 5.781000000000000e+01
462 463 2.115000000000000e+01
463 462 2.115000000000000e+01
463 36073 9.726000000000001e+01
464 463 3.072000000000000e+01
464 465 1.371000000000000e+01
465 460 5.161000000000000e+01
465 464 1.371000000000000e+01
466 458 6.681000000000000e+01
466 467 1.580000000000000e+01
467 466 1.580000000000000e+01
467 34140 2.598000000000000e+01
468 408 4.652000000000000e+01
468 1070 5.427000000000000e+01
468 2925 1.352800000000000e+02
469 6408 9.039000000000000e+01
469 33798 9.660000000000000e+00
470 37340 9.850000000000000e+00
470 41911 1.686000000000000e+01
471 308 1.264000000000000e+01
471 26047 1.571000000000000e+01
471 32704 2.461000000000000e+01
472 477 4.263000000000000e+01
473 22095 2.572000000000000e+01
473 22100 3.217000000000000e+01
474 25478 4.659000000000000e+01
475 7473 7.680000000000000e+00
476 27119 4.110000000000000e+01
477 472 4.263000000000000e+01
477 33097 4.108000000000000e+01
480 785 1.836100000000000e+02
481 12708 1.708000000000000e+01
483 11877 5.797000000000000e+01
484 11813 1.119000000000000e+01
486 26753 2.778000000000000e+01
486 26861 6.825000000000000e+01
486 37768 3.691000000000000e+01
487 32588 3.233000000000000e+01
489 14271 3.017000000000000e+01
490 3683 1.724000000000000e+01
490 4606 2.185000000000000e+01
491 3130 1.499000000000000e+01
491 3164 1.361900000000000e+02
492 11441 5.314000000000000e+01
496 497 3.983000000000000e+01
496 627 1.865000000000000e+01
496 40101 4.832000000000000e+01
497 496 3.983000000000000e+01
497 528 4.699000000000000e+01
497 40106 1.621700000000000e+02
497 40107 4.552000000000000e+01
498 6337 7.812000000000000e+01
499 503 4.442000000000000e+01
499 626 2.607000000000000e+01
499 1023 9.158000000000000e+01
500 27097 2.669000000000000e+01
501 29294 4.681000000000000e+01
502 16599 1.862000000000000e+01
503 499 4.442000000000000e+01
504 505 2.310800000000000e+02
504 2341 7.752000000000000e+01
504 37828 2.228000000000000e+01
505 504 2.310800000000000e+02
505 2343 7.664000000000000e+01
506 8350 4.106000000000000e+01
506 8354 1.968000000000000e+01
507 506 8.750000000000000e+00
507 8367 7.590000000000000e+00
507 17493 1.157500000000000e+02
508 509 1.221000000000000e+01
508 510 8.273000000000000e+01
509 508 1.221000000000000e+01
509 511 7.992000000000000e+01
509 8367 7.750000000000000e+00
510 511 1.540000000000000e+01
510 512 2.280000000000000e+01
511 508 6.830000000000000e+01
511 510 1.540000000000000e+01
512 510 2.280000000000000e+01
512 21299 5.810000000000000e+01
512 32121 5.405000000000000e+01
513 21009 1.805700000000000e+02
513 37039 8.181000000000000e+01
513 37053 1.118900000000000e+02
514 28292 1.474000000000000e+01
515 21948 2.774300000000000e+02
516 6516 6.729000000000001e+01
517 11057 5.739000000000000e+01
518 6516 1.490000000000000e+01
518 19363 5.280000000000000e+01
521 522 1.757600000000000e+02
521 1919 1.430500000000000e+02
521 33975 7.831000000000000e+01
522 521 1.757600000000000e+02
522 1919 2.283000000000000e+02
522 1921 1.076300000000000e+02
522 22402 3.513100000000000e+02
523 11499 3.973000000000000e+01
524 22167 8.129000000000001e+01
525 526 9.090000000000000e+00
526 525 9.090000000000000e+00
526 22222 5.070000000000000e+01
527 397 3.684000000000000e+01
527 2747 3.111000000000000e+01
527 33115 1.718000000000000e+01
528 497 4.699000000000000e+01
529 7269 1.813000000000000e+01
529 24738 1.786600000000000e+02
530 531 1.069500000000000e+02
530 18646 6.598999999999999e+01
530 24299 7.586000000000000e+01
531 530 1.069500000000000e+02
532 533 2.162000000000000e+01
533 532 2.162000000000000e+01
533 7498 2.125000000000000e+01
533 25955 3.151000000000000e+01
534 13560 1.483000000000000e+01
535 536 2.676500000000000e+02
535 7155 2.098500000000000e+02
535 21359 8.812000000000000e+01
536 535 2.676500000000000e+02
536 7155 7.228000000000000e+01
536 7156 1.008400000000000e+02
537 9584 1.457000000000000e+01
537 9585 3.129000000000000e+01
537 9589 4.277000000000000e+01
540 8775 3.906000000000000e+01
540 26149 6.569000000000000e+01
545 546 5.775000000000000e+01
545 549 1.996000000000000e+01
545 24520 6.115000000000000e+01
546 545 5.775000000000000e+01
546 1740 1.926000000000000e+01
546 20184 5.886000000000000e+01
549 545 1.996000000000000e+01
549 1740 6.150000000000000e+01
549 24521 2.526000000000000e+01
550 23031 5.541000000000000e+01
550 23033 9.116000000000000e+01
552 10346 3.742000000000000e+01
552 16264 7.126000000000001e+01
553 555 1.397100000000000e+02
553 13347 5.598000000000000e+01
553 21975 4.031000000000000e+01
554 560 9.268200000000001e+02
554 5270 4.305000000000000e+01
555 553 1.397100000000000e+02
555 7915 2.250000000000000e+01
555 27718 5.124000000000000e+01
557 21282 4.159000000000000e+02
558 559 2.764800000000000e+02
558 25386 1.013200000000000e+02
559 558 2.764800000000000e+02
559 838 2.099000000000000e+01
560 554 9.268200000000001e+02
560 561 6.819000000000000e+01
560 15178 7.918000000000001e+01
561 560 6.819000000000000e+01
561 9252 2.023200000000000e+02
561 25592 1.669500000000000e+02
563 5042 3.559000000000000e+01
564 4264 1.673000000000000e+01
565 566 7.820000000000000e+00
566 564 3.134000000000000e+01
573 578 6.125000000000000e+01
578 9018 8.987000000000000e+01
579 573 3.115000000000000e+01
581 13211 9.180000000000000e+01
581 41784 1.468000000000000e+01
582 11404 8.700000000000000e+01
582 13482 4.123000000000000e+01
582 40476 9.856999999999999e+01
586 32994 7.006000000000000e+01
586 33021 6.700000000000000e+00
587 8026 4.156900000000000e+02
588 15514 9.014000000000000e+01
588 15516 2.543000000000000e+01
588 15517 3.820000000000000e+01
588 15518 6.691000000000000e+01
601 2748 3.180000000000000e+01
602 605 1.843000000000000e+01
602 38326 1.727000000000000e+01
602 38328 8.009000000000000e+01
604 605 7.675000000000000e+01
604 38328 1.755000000000000e+01
605 602 1.843000000000000e+01
605 604 7.675000000000000e+01
610 16247 3.716000000000000e+01
611 612 3.147000000000000e+01
612 611 3.147000000000000e+01
612 25148 3.741000000000000e+01
612 27818 5.683000000000000e+01
619 203 5.900700000000001e+02
619 207 6.035100000000000e+02
619 16650 1.011800000000000e+02
620 623 6.209000000000000e+01
620 20907 4.891000000000000e+01
621 622 1.099400000000000e+02
621 20659 1.264800000000000e+02
621 24173 1.118000000000000e+02
622 621 1.099400000000000e+02
622 20660 1.272300000000000e+02
622 34373 7.231000000000000e+01
623 620 1.697000000000000e+01
623 7836 2.817000000000000e+01
625 840 1.100200000000000e+02
625 22189 1.902800000000000e+02
625 41136 6.634000000000000e+01
626 499 2.607000000000000e+01
626 627 6.764000000000000e+01
626 11057 2.872000000000000e+01
627 496 1.865000000000000e+01
627 626 6.764000000000000e+01
627 628 6.276000000000000e+01
627 10813 1.285000000000000e+02
628 627 6.276000000000000e+01
628 674 4.653000000000000e+01
628 21047 6.419000000000000e+01
630 38231 1.029000000000000e+01
633 1498 1.465900000000000e+02
633 1499 1.461000000000000e+02
633 28726 1.048800000000000e+02
634 23712 2.748000000000000e+01
635 634 2.860000000000000e+01
636 9023 7.470000000000000e+01
636 35659 4.960000000000000e+00
636 39852 3.910000000000000e+01
637 4638 1.547700000000000e+02
639 36568 4.883000000000000e+01
640 643 5.940000000000000e+01
640 649 1.983000000000000e+01
640 653 4.704000000000000e+01
641 648 1.947000000000000e+01
641 696 1.857000000000000e+01
643 640 5.940000000000000e+01
643 653 1.844000000000000e+01
643 686 1.925000000000000e+01
644 37969 4.798000000000000e+01
648 641 1.947000000000000e+01
648 649 1.788000000000000e+01
648 688 6.115000000000000e+01
649 640 1.983000000000000e+01
649 648 1.788000000000000e+01
650 314 2.626000000000000e+01
651 25258 5.135000000000000e+01
652 675 2.593000000000000e+01
653 643 1.844000000000000e+01
653 683 1.975000000000000e+01
654 16405 3.001000000000000e+01
655 19410 3.021000000000000e+01
656 23912 3.497000000000000e+01
657 36668 2.731000000000000e+01
658 660 1.465900000000000e+02
658 14671 7.443000000000001e+01
659 685 9.330000000000000e+01
659 691 1.476200000000000e+02
660 658 1.465900000000000e+02
660 661 1.680900000000000e+02
660 6086 7.834999999999999e+01
660 6087 7.678000000000000e+01
661 660 1.680900000000000e+02
661 14673 7.648000000000000e+01
661 24830 8.862000000000000e+01
662 685 1.472000000000000e+01
662 694 2.630000000000000e+00
663 668 8.456000000000000e+01
663 673 1.622000000000000e+01
663 694 1.490000000000000e+01
664 4597 2.682900000000000e+02
664 37535 2.203800000000000e+02
664 37595 7.634999999999999e+01
666 641 6.842000000000000e+01
666 673 1.707000000000000e+01
666 688 1.638000000000000e+01
667 684 1.227500000000000e+02
667 35527 1.187300000000000e+02
668 672 1.999000000000000e+01
668 696 1.917000000000000e+01
669 128 6.026000000000000e+01
670 128 7.859000000000000e+01
670 671 6.934000000000000e+01
670 12385 3.550000000000000e+01
671 670 6.934000000000000e+01
671 677 8.009999999999999e+01
671 2328 1.996900000000000e+02
671 35874 1.492200000000000e+02
672 662 9.323999999999999e+01
672 668 1.999000000000000e+01
673 663 1.622000000000000e+01
673 666 1.707000000000000e+01
674 628 4.653000000000000e+01
675 652 2.593000000000000e+01
675 689 1.146000000000000e+02
675 33765 3.711000000000000e+01
677 671 8.009999999999999e+01
677 679 7.961000000000000e+01
677 3959 2.008100000000000e+02
677 40288 2.041000000000000e+02
679 677 7.961000000000000e+01
679 682 7.865000000000001e+01
679 3960 2.013500000000000e+02
679 40269 1.935000000000000e+02
680 12461 2.334000000000000e+02
680 12509 2.884100000000000e+02
680 14295 1.321200000000000e+02
680 40338 2.228400000000000e+02
682 679 7.865000000000001e+01
682 3962 2.018900000000000e+02
682 12465 4.908000000000000e+01
682 15340 6.993000000000001e+01
683 649 5.447000000000000e+01
683 653 1.975000000000000e+01
683 688 1.656000000000000e+01
684 667 1.227500000000000e+02
684 685 4.960000000000000e+00
684 689 2.789000000000000e+01
685 659 9.330000000000000e+01
685 662 1.472000000000000e+01
685 684 4.960000000000000e+00
686 643 1.925000000000000e+01
686 691 8.312000000000000e+01
686 25192 5.359000000000000e+01
686 27971 3.729000000000000e+01
687 694 3.039000000000000e+01
688 666 1.638000000000000e+01
688 683 1.656000000000000e+01
689 652 1.013900000000000e+02
689 675 1.146000000000000e+02
689 684 2.789000000000000e+01
690 9077 1.356000000000000e+01
690 9088 8.916000000000000e+01
691 659 1.476200000000000e+02
691 686 8.312000000000000e+01
693 5016 1.970000000000000e+01
693 16987 1.885000000000000e+01
694 662 2.630000000000000e+00
694 663 1.490000000000000e+01
694 687 3.039000000000000e+01
696 641 1.857000000000000e+01
696 668 1.917000000000000e+01
696 673 7.622000000000000e+01
697 23630 6.790000000000001e+01
697 38934 1.348000000000000e+01
702 703 7.306000000000000e+01
702 38409 1.279000000000000e+01
703 702 7.306000000000000e+01
703 16986 1.205100000000000e+02
704 41179 8.600000000000000e+00
704 41188 9.520000000000000e+00
705 33135 1.893000000000000e+01
709 36624 1.083000000000000e+02
709 36626 1.337000000000000e+01
709 36628 4.503000000000000e+01
711 27244 2.134900000000000e+02
712 713 2.526000000000000e+01
712 717 5.360000000000000e+00
713 18108 2.230000000000000e+01
714 9126 1.935400000000000e+02
715 6336 1.009200000000000e+02
717 712 5.360000000000000e+00
717 41042 9.461000000000000e+01
718 3069 1.001500000000000e+02
718 3138 1.391000000000000e+01
719 30534 1.542900000000000e+02
719 35087 2.562000000000000e+01
720 20425 1.503200000000000e+02
724 14242 1.942000000000000e+01
730 4071 1.287500000000000e+02
736 738 9.520000000000000e+00
736 18081 1.104100000000000e+02
737 739 3.283800000000000e+02
737 28333 7.366000000000000e+01
737 39550 1.378000000000000e+01
738 736 9.520000000000000e+00
738 41003 1.406000000000000e+01
739 737 3.283800000000000e+02
739 740 2.498700000000000e+02
739 7147 7.359000000000000e+01
739 36556 7.364000000000000e+01
740 739 2.498700000000000e+02
740 7147 2.984900000000000e+02
740 7150 7.339000000000000e+01
745 747 3.398000000000000e+01
746 4193 3.990000000000000e+01
747 745 3.398000000000000e+01
747 751 6.917000000000000e+01
747 2196 2.049500000000000e+02
747 2198 1.733600000000000e+02
748 749 2.030000000000000e+00
748 752 8.140000000000001e+00
749 748 2.030000000000000e+00
749 752 2.239000000000000e+01
749 16245 1.469300000000000e+02
750 751 7.102000000000000e+01
750 10632 2.062900000000000e+02
750 10634 1.731800000000000e+02
751 747 6.917000000000000e+01
751 750 7.102000000000000e+01
751 19757 2.056100000000000e+02
751 29905 1.732700000000000e+02
752 748 8.140000000000001e+00
752 749 2.239000000000000e+01
752 11500 1.725000000000000e+01
753 754 4.369000000000000e+01
753 18761 3.483000000000000e+01
753 29950 2.897000000000000e+01
754 753 4.369000000000000e+01
754 18761 5.383000000000000e+01
754 35039 4.260000000000000e+00
759 22659 1.440000000000000e+01
759 33260 2.988000000000000e+01
